384.588 102.319 65.2596 4.81701 0.12362 -0.046238
384.608 102.314 444.319 4.81517 0.116077 -0.047116
384.604 376.92 444.301 4.95557 -0.713426 23.6975
124.853 376.697 304.957 4.86241 -0.659274 23.6568
124.914 376.722 304.936 5.65886 30.7377 26.6117
500.497 305.269 480.772 -4.37095 -26.2077 21.5021
37.9926 356.229 164.165 8.74965 22.7103 18.9648
186.644 341.939 142.211 -84.0636 6.51353 23.9466
186.65 341.949 564.506 -84.063 6.51664 23.9487
328.093 155.533 564.542 -84.0377 -8.07642 22.4346
384.981 155.344 147.906 -84.0854 -8.107 22.4278
575.131 155.767 147.913 -84.1053 -8.04607 22.4784
260.751 409.286 147.922 65.5645 -1.7127 31.3158
68.1572 494.914 131.891 -4.81269 3.23634 19.0154
156.485 238.183 537.54 -5.30828 23.681 18.7314
156.395 271.167 537.496 -49.1525 -1.11716 0.727649
277.411 428.099 423.472 28.7984 23.5975 23.1258
656.076 -66.9835 423.473 24.7164 10.6133 1.6408
656.535 494.454 149.322 -34.8682 -6.28841 32.5507
565.65 296.176 486.39 20.1922 -13.4451 37.7126
450.664 153.068 550.042 -17.0788 -11.1126 19.5402
